26
25
41
82
25
28
35
77
26
19
33
61
49
20
15
177
20
17
17
24
17
15
16
24
15
16
15
25
17
14
15
25
35
26
18
27
24
14
14
23
33
19
15
28
18
15
15
23
17
15
15
26
24
54
17
13
18
29
17
15
13
21
47
22
17
24
18
14
13
22
14
13
15
22
17
17
16
23
19
14
17
22
20
16
16
25
23
17
30
55
17
15
16
30
16
15
16
24
21
39
27
28
48
26
18
15
14
23
16
15
13
25
15
15
13
24
21
16
15
24
14
13
14
22
15
14
15
23
18
14
14
23
16
14
15
25
16
14
35
68
16
16
35
23
15
14
15
24
16
15
15
23
16
14
15
26
16
25
16
14
14
26
16
13
15
21
15
13
18
26
18
22
15
28
15
13
13
23
16
14
14
22
16
13
23
23
15
18
14
23
18
22
14
28
22
14
15
23
15
16
14
24
16
14
15
21
17
14
16
22
17
26
15
14
14
21
16
15
20
42
20
17
13
27
30
28
23
37
29
22
21
50
18
28
14
23
15
15
15
25
16
16
15
21
18
15
18
23
16
14
15
24
15
16
15
22
24
17
17
26
20
23
14
140
18
24
21
23
25
37
17
14
104
140
14
22
18
15
15
22
15
13
15
25
16
15
17
15
18
24
18
16
15
26
22
18
13
28
17
14
15
25
18
15
14
45
17
15
16
23
19
15
15
47
17
17
14
22
15
14
13
23
15
15
24
24
17
14
14
23
33
15
14
25
17
17
16
25
17
25
16
15
15
25
17
16
17
25
18
15
15
27
27
24
45
39
17
14
16
26
17
25
15
23
17
14
14
24
17
16
16
24
16
18
17
24
31
32
32
63
45
16
21
42
237
42
69
67
23
14
23
42
30
32
36
106
67
36
18
33
