17
24
16
14
15
23
15
14
30
43
15
16
14
24
15
14
14
22
16
13
20
40
17
15
15
26
17
15
16
25
16
13
17
29
15
14
16
24
15
14
14
24
16
15
15
24
17
13
14
24
16
15
15
14
14
53
15
14
14
22
16
14
16
22
18
13
16
23
16
14
14
92
16
13
14
23
16
22
14
24
15
16
14
23
16
14
16
25
16
16
21
35
41
15
15
23
16
14
15
24
17
13
14
22
15
14
16
27
15
14
16
24
20
27
15
25
16
14
15
24
16
15
16
26
18
15
16
26
17
15
15
14
14
23
17
16
15
22
15
15
17
25
16
14
18
39
17
14
14
23
16
14
14
28
16
14
16
14
16
50
16
16
15
27
17
14
14
23
16
15
16
23
19
14
15
23
47
16
15
23
15
23
16
21
14
13
16
24
14
13
14
24
15
13
15
24
18
13
15
23
29
25
14
25
43
16
16
26
17
15
19
27
16
15
16
24
18
15
16
23
16
16
19
23
16
15
15
23
16
13
14
28
16
14
17
14
15
24
16
16
13
22
18
14
14
26
15
15
281
264
17
14
15
23
16
14
15
23
15
14
16
22
16
14
15
23
18
16
15
23
16
14
14
24
15
13
14
22
15
15
15
22
16
14
15
23
14
29
15
14
13
25
15
13
15
27
15
13
14
23
16
14
15
22
16
15
15
21
16
16
14
24
16
15
15
25
16
15
15
23
16
13
14
24
16
14
16
22
19
16
14
22
18
13
15
23
16
15
15
24
16
15
15
52
15
14
14
24
18
16
14
25
15
15
15
22
19
14
15
23
14
13
16
22
17
14
15
23
16
14
15
35
17
127
16
22
15
14
15
22
17
13
14
22
18
16
13
23
16
13
13
21
16
15
15
22
16
14
15
14
