18
15
15
28
19
17
17
29
17
15
18
27
15
14
14
24
16
14
15
24
19
14
14
24
14
25
17
27
16
24
18
16
16
31
17
14
16
49
19
15
16
24
18
15
18
34
17
20
44
53
14
13
16
13
16
26
17
14
14
22
17
41
16
24
15
13
14
22
15
13
15
23
17
14
15
25
14
26
17
16
14
25
18
15
16
26
18
15
14
24
16
16
17
26
17
13
15
26
16
14
14
22
16
29
16
14
14
24
16
14
14
23
17
15
16
23
17
14
14
24
15
15
14
23
17
13
15
27
17
14
17
16
15
24
18
13
13
24
17
16
16
21
17
17
15
27
16
14
21
42
15
13
30
43
15
13
18
14
18
27
16
14
16
33
20
18
16
30
15
14
14
25
38
18
14
30
17
15
15
27
17
24
15
14
14
22
16
14
14
23
15
14
15
24
16
15
15
23
14
13
16
23
17
14
14
24
13
22
43
17
18
27
24
14
16
24
18
15
15
26
18
15
17
27
18
15
16
25
21
20
15
28
18
18
15
13
15
22
16
13
13
21
18
16
15
24
16
13
14
23
16
13
18
44
34
37
14
33
14
14
21
14
15
50
28
14
15
21
16
14
15
24
17
15
16
21
17
13
14
24
17
15
15
21
15
25
15
25
39
27
15
24
16
18
18
27
15
19
16
14
15
25
19
13
15
23
16
14
14
25
15
15
16
14
14
23
15
14
16
26
16
13
14
23
15
14
16
23
15
14
15
30
16
13
14
21
15
15
16
15
16
23
17
20
15
26
15
24
16
14
15
30
15
14
14
23
17
30
20
26
18
13
14
22
21
17
16
27
17
14
16
22
16
24
45
26
15
27
16
14
14
24
18
17
14
25
15
16
16
27
16
14
16
25
17
16
38
48
19
16
